   9.7982000e+04   6.7333093e+04   7.6830000e+04   3.8255000e+04   3.4196535e+08
   9.7982000e+04   8.5833723e+04   8.5482500e+04   8.0228000e+04   1.1256185e+07
   9.7982000e+04   8.7783400e+04   8.7472500e+04   8.4186000e+04   6.3693485e+06
   9.7982000e+04   8.9201483e+04   8.8629000e+04   8.6204000e+04   4.6438968e+06
   9.7982000e+04   9.0058377e+04   8.9699000e+04   8.7590000e+04   3.8669906e+06
   9.7982000e+04   9.0754950e+04   9.0343000e+04   8.8504000e+04   3.1854856e+06
   9.8315000e+04   9.1362850e+04   9.0911500e+04   8.9311000e+04   3.0629846e+06
   9.8315000e+04   9.1863010e+04   9.1460500e+04   8.9759000e+04   2.9090707e+06
   9.8617000e+04   9.2431680e+04   9.1940500e+04   9.0322000e+04   3.0356737e+06
   9.8617000e+04   9.2873487e+04   9.2394000e+04   9.0908000e+04   2.6793859e+06
   9.8617000e+04   9.3261080e+04   9.2798500e+04   9.1419000e+04   2.4320256e+06
   9.8617000e+04   9.3445190e+04   9.3036000e+04   9.1667000e+04   2.2978129e+06
   1.0092300e+05   9.3655483e+04   9.3177500e+04   9.1875000e+04   2.3826323e+06
   1.0092300e+05   9.3792103e+04   9.3331000e+04   9.2038000e+04   2.2222433e+06
   1.0092300e+05   9.3880923e+04   9.3432500e+04   9.2191000e+04   2.1184969e+06
   1.0092300e+05   9.4013157e+04   9.3672500e+04   9.2345000e+04   2.0413961e+06
   1.0092300e+05   9.4120943e+04   9.3798000e+04   9.2487000e+04   1.9659524e+06
   1.0092300e+05   9.4179993e+04   9.3837500e+04   9.2551000e+04   1.9308222e+06
   1.0092300e+05   9.4300413e+04   9.3951500e+04   9.2650000e+04   1.8891996e+06
   1.0092300e+05   9.4447117e+04   9.4142000e+04   9.2840000e+04   1.8086397e+06
   1.0092300e+05   9.4514207e+04   9.4173500e+04   9.2912000e+04   1.7658774e+06
   1.0092300e+05   9.4644887e+04   9.4325000e+04   9.3055000e+04   1.6559559e+06
   1.0092300e+05   9.4717080e+04   9.4412000e+04   9.3170000e+04   1.5860618e+06
   1.0092300e+05   9.4798960e+04   9.4498500e+04   9.3291000e+04   1.5362538e+06
   1.0092300e+05   9.4859610e+04   9.4536000e+04   9.3357000e+04   1.4614553e+06
   1.0092300e+05   9.4967403e+04   9.4653500e+04   9.3518000e+04   1.4420247e+06
   1.0092300e+05   9.5053583e+04   9.4700500e+04   9.3661000e+04   1.4810328e+06
   1.0092300e+05   9.5147497e+04   9.4818500e+04   9.3761000e+04   1.4206549e+06
   1.0092300e+05   9.5249187e+04   9.4887000e+04   9.3868000e+04   1.4242438e+06
   1.0117300e+05   9.5377897e+04   9.4953000e+04   9.3979000e+04   1.5599560e+06
   1.0117300e+05   9.5471333e+04   9.5058000e+04   9.4083000e+04   1.6131714e+06
   1.0117300e+05   9.5557940e+04   9.5181000e+04   9.4141000e+04   1.6205394e+06
   1.0117300e+05   9.5633567e+04   9.5295000e+04   9.4221000e+04   1.5602873e+06
   1.0117300e+05   9.5684710e+04   9.5327000e+04   9.4272000e+04   1.5424814e+06
   1.0188700e+05   9.5788037e+04   9.5425000e+04   9.4383000e+04   1.5865142e+06
   1.0188700e+05   9.5942863e+04   9.5680500e+04   9.4529000e+04   1.5641691e+06
   1.0188700e+05   9.6070750e+04   9.5785500e+04   9.4642000e+04   1.5222439e+06
   1.0188700e+05   9.6219943e+04   9.5922500e+04   9.4747000e+04   1.6613467e+06
   1.0188700e+05   9.6368137e+04   9.6005500e+04   9.4870000e+04   1.7247779e+06
   1.0188700e+05   9.6511543e+04   9.6147500e+04   9.5038000e+04   1.6099836e+06
   1.0188700e+05   9.6648690e+04   9.6234000e+04   9.5204000e+04   1.5880762e+06
   1.0188700e+05   9.6748447e+04   9.6357500e+04   9.5326000e+04   1.5765987e+06
   1.0188700e+05   9.6820037e+04   9.6462000e+04   9.5445000e+04   1.5204650e+06
   1.0203900e+05   9.6933183e+04   9.6629500e+04   9.5551000e+04   1.5634464e+06
   1.0203900e+05   9.7095707e+04   9.6748500e+04   9.5698000e+04   1.5994854e+06
   1.0203900e+05   9.7184057e+04   9.6847500e+04   9.5810000e+04   1.5208800e+06
   1.0203900e+05   9.7289303e+04   9.7000500e+04   9.5923000e+04   1.4746288e+06
   1.0203900e+05   9.7407797e+04   9.7108500e+04   9.6058000e+04   1.3726961e+06
   1.0203900e+05   9.7585907e+04   9.7260000e+04   9.6193000e+04   1.3896637e+06
   1.0203900e+05   9.7673400e+04   9.7329000e+04   9.6317000e+04   1.2982785e+06
